Ranking_20240602.txt  ..   GRB                   Solar                Particle
Latitude
-47.91666666666667  0.0  0.0  0.0
-43.75  0.0  0.0  0.00019704433497536955
-39.58333333333333  0.0012732095490716165  0.0007741935483870959  0.0007881773399014776
-35.416666666666664  0.0038196286472148514  0.002322580645161289  0.0031527093596059115
-31.249999999999996  0.006525198938992044  0.005032258064516131  0.005714285714285716
-27.083333333333332  0.00891246684350133  0.008903225806451616  0.004433497536945816
-22.916666666666664  0.009389920424403182  0.010451612903225806  0.0017733990147783254
-18.75  0.009549071618037135  0.00929032258064516  0.0009852216748768472
-14.583333333333332  0.010503978779840847  0.010451612903225802  0.0008866995073891628
-10.416666666666664  0.010026525198938988  0.013548387096774186  0.0004926108374384236
-6.2499999999999964  0.009549071618037136  0.015483870967741939  9.852216748768461e-05
-2.083333333333332  0.01050397877984085  0.016258064516129038  9.852216748768461e-05
2.0833333333333357  0.011140583554376655  0.0112258064516129  0.00019704433497536923
6.2500000000000036  0.011140583554376655  0.006193548387096767  9.852216748768461e-05
10.416666666666671  0.011777188328912464  0.009290322580645155  0.0
14.58333333333334  0.013846153846153843  0.011999999999999997  0.00019704433497536923
18.750000000000007  0.015119363395225465  0.012387096774193551  0.00039408866995073845
22.91666666666667  0.014801061007957566  0.01238709677419356  0.0007881773399014769
27.083333333333336  0.015755968169761266  0.00967741935483871  0.004334975369458123
31.250000000000007  0.015755968169761266  0.0065806451612903175  0.013891625615763554
35.41666666666667  0.013209549071618042  0.005419354838709677  0.02699507389162563
39.583333333333336  0.010822281167108752  0.009290322580645154  0.04768472906403938
43.75000000000001  0.009071618037135276  0.01664516129032258  0.05733990147783247
47.91666666666667  0.008594164456233427  0.019354838709677434  0.039999999999999994
52.083333333333336  0.006684350132625995  0.013161290322580649  0.021477832512315262
56.25000000000001  0.002228116710875329  0.0038709677419354795  0.007980295566502453
60.41666666666668  0.0  0.0  0.0
64.58333333333334  0.0  0.0  0.0
68.75  0.0  0.0  0.0
72.91666666666667  0.0  0.0  0.0
Time_to_transition
-483.33333333333337  0.02848806366047747  0.011225806451612908  0.025960591133004942
-450.0  0.007122015915119367  0.002806451612903227  0.006514778325123156
-416.66666666666663  0.0  4.838709677419349e-05  1.2315270935960577e-05
-383.3333333333333  0.0  0.00019354838709677413  0.0
-350.0  0.0  0.0002903225806451614  0.0
-316.66666666666663  0.0  0.0001935483870967743  0.0
-283.3333333333333  0.0  9.677419354838715e-05  1.2315270935960597e-05
-249.99999999999997  0.0  0.0001935483870967743  3.694581280788179e-05
-216.66666666666666  0.0  0.0002903225806451614  3.694581280788179e-05
-183.33333333333331  0.0  0.00019354838709677413  2.4630541871921194e-05
-149.99999999999997  0.0  0.00014516129032258063  2.4630541871921194e-05
-116.66666666666666  1.9893899204244008e-05  0.0002419354838709678  2.4630541871921174e-05
-83.33333333333331  3.9787798408488015e-05  0.000435483870967742  4.926108374384235e-05
-49.99999999999997  9.946949602122003e-05  0.001693548387096773  6.157635467980296e-05
-16.66666666666663  0.0002785145888594163  0.0042096774193548375  0.0003694581280788179
16.666666666666714  0.00031830238726790456  0.004935483870967742  0.0008620689655172416
50.00000000000006  0.00011936339522546426  0.0029032258064516136  0.0008374384236453203
83.33333333333337  3.9787798408488015e-05  0.001064516129032259  0.0005665024630541876
116.66666666666669  7.957559681697603e-05  0.00033870967741935545  0.0003817733990147784
150.00000000000006  5.9681697612732094e-05  0.0001935483870967743  0.00020935960591132992
183.33333333333337  3.978779840848816e-05  0.0003387096774193551  0.0001354679802955666
216.66666666666669  1.989389920424408e-05  0.00029032258064516127  9.852216748768474e-05
250.00000000000006  0.0  9.677419354838699e-05  6.157635467980292e-05
283.33333333333337  3.9787798408488015e-05  0.0  6.157635467980296e-05
316.6666666666667  7.957559681697603e-05  0.0  6.157635467980292e-05
350.00000000000006  3.9787798408488015e-05  0.0  3.694581280788173e-05
383.3333333333334  1.989389920424408e-05  4.8387096774193655e-05  2.4630541871921153e-05
416.66666666666674  7.957559681697618e-05  0.0001451612903225808  1.2315270935960577e-05
450.00000000000006  9.946949602122012e-05  0.00014516129032258063  0.0
483.33333333333337  0.0  0.0  0.0
Solar_angle
0.016666666666666666  0.7957559681697612  0.3870967741935484  0.09852216748768473
0.05  0.6167108753315649  0.8225806451612903  0.06157635467980296
0.08333333333333334  0.7360742705570291  0.8225806451612903  0.08620689655172414
0.11666666666666667  0.8355437665782495  0.4838709677419355  0.1847290640394089
0.15  0.8156498673740054  0.3870967741935483  0.23399014778325125
0.18333333333333335  0.7758620689655169  0.4354838709677417  0.23399014778325122
0.21666666666666667  0.5371352785145888  0.532258064516129  0.3201970443349754
0.25  0.45755968169761285  1.0161290322580647  0.3817733990147784
0.2833333333333333  0.6962864721485413  1.2580645161290325  0.3078817733990148
0.31666666666666665  0.8156498673740056  1.2580645161290325  0.28325123152709364
0.35  0.736074270557029  1.6935483870967736  0.36945812807881767
0.3833333333333333  0.7559681697612728  1.8870967741935467  0.4064039408866993
0.4166666666666667  0.8952254641909814  1.4516129032258056  0.4433497536945812
0.45  0.9151193633952256  1.0161290322580647  0.5418719211822661
0.48333333333333334  0.7957559681697615  1.0645161290322582  0.6157635467980296
0.5166666666666666  0.6763925729442972  1.403225806451613  0.6157635467980297
0.55  0.6167108753315652  1.5483870967741937  0.5911330049261085
0.5833333333333333  0.6962864721485413  1.3548387096774195  0.7512315270935962
0.6166666666666667  0.8952254641909816  0.9193548387096775  1.0344827586206897
0.6499999999999999  0.8952254641909816  1.0645161290322582  1.0837438423645323
0.6833333333333333  0.8156498673740055  1.741935483870968  1.0221674876847293
0.7166666666666666  0.9748010610079578  1.645161290322581  1.0221674876847293
0.75  1.1339522546419092  0.7741935483870968  0.9113300492610832
0.7833333333333333  1.1538461538461524  0.33870967741935454  0.9852216748768461
0.8166666666666667  1.1339522546419092  0.532258064516129  1.3669950738916252
0.8500000000000001  1.094164456233422  0.6774193548387097  1.7980295566502469
0.8833333333333333  1.3129973474801064  0.6290322580645162  2.2167487684729066
0.9166666666666667  1.671087533156499  0.48387096774193555  2.5246305418719217
0.95  2.3275862068965525  0.7258064516129034  3.7192118226600996
0.9833333333333334  4.13793103448276  1.9354838709677422  6.798029556650248
Gaussian_FWHM
3.3333333333333335  0.06385714285714285  0.008888888888888889  0.0011904761904761904
10.0  0.03653571428571428  0.0175  0.0037946428571428567
16.666666666666668  0.017464285714285713  0.018888888888888886  0.007366071428571428
23.333333333333336  0.008785714285714284  0.01833333333333333  0.01138392857142857
30.0  0.005142857142857142  0.014444444444444442  0.013095238095238094
36.66666666666667  0.003964285714285714  0.008333333333333331  0.015029761904761903
43.333333333333336  0.003749999999999999  0.0066666666666666645  0.018005952380952376
50.0  0.0027857142857142855  0.006666666666666667  0.01674107142857143
56.66666666666667  0.0016071428571428575  0.005277777777777779  0.011904761904761906
63.333333333333336  0.001071428571428571  0.004444444444444443  0.008779761904761901
70.0  0.0012857142857142856  0.004444444444444443  0.0066964285714285685
76.66666666666667  0.001928571428571429  0.0036111111111111122  0.004836309523809525
83.33333333333334  0.001928571428571428  0.0030555555555555553  0.004166666666666666
90.0  0.0010714285714285713  0.004166666666666667  0.003869047619047618
96.66666666666667  0.0008571428571428577  0.005000000000000003  0.003273809523809525
103.33333333333334  0.0008571428571428571  0.0038888888888888888  0.0026785714285714286
110.0  0.0004285714285714282  0.0019444444444444435  0.002604166666666666
116.66666666666667  0.0004285714285714282  0.0013888888888888892  0.0023809523809523816
123.33333333333334  0.0006428571428571424  0.0019444444444444435  0.0019345238095238094
130.0  0.0003214285714285712  0.0019444444444444435  0.0016369047619047613
136.66666666666669  0.00010714285714285684  0.0016666666666666653  0.0011904761904761906
143.33333333333334  0.00021428571428571368  0.0016666666666666644  0.0007440476190476189
150.0  0.00010714285714285684  0.0011111111111111105  0.0007440476190476194
156.66666666666669  0.0  0.00027777777777777816  0.0008928571428571435
163.33333333333334  0.0001071428571428573  0.0  0.0008184523809523809
170.0  0.0004285714285714292  0.00027777777777777816  0.0010416666666666675
176.66666666666669  0.0006428571428571434  0.0005555555555555563  0.0012648809523809535
183.33333333333334  0.0004285714285714283  0.00027777777777777816  0.0008184523809523808
190.0  0.00021428571428571414  0.0  0.00029761904761904743
196.66666666666669  0.0004285714285714292  0.0  0.0
Gaussian_Amplitude
333.3333333333333  0.00048773006134969325  0.000504950495049505  0.00010481927710843375
1000.0  0.00034854294478527613  0.00036014851485148514  0.00021596385542168678
1666.6666666666665  0.00020590490797546014  0.00018935643564356436  0.00017891566265060244
2333.333333333333  0.00011273006134969327  9.282178217821784e-05  9.93975903614458e-05
3000.0  7.822085889570553e-05  6.311881188118812e-05  0.00010210843373493975
3666.6666666666665  5.751533742331289e-05  5.56930693069307e-05  0.0001427710843373494
4333.333333333333  4.141104294478529e-05  5.940594059405943e-05  0.00013915662650602412
5000.0  3.335889570552147e-05  4.8267326732673276e-05  0.0001147590361445783
5666.666666666666  2.645705521472392e-05  4.0841584158415844e-05  9.849397590361442e-05
6333.333333333333  2.3006134969325155e-05  3.7128712871287155e-05  6.867469879518074e-05
7000.0  2.3006134969325148e-05  1.8564356435643577e-05  4.337349397590362e-05
7666.666666666666  1.725460122699386e-05  7.425742574257423e-06  3.25301204819277e-05
8333.333333333332  9.202453987730063e-06  3.7128712871287115e-06  2.078313253012049e-05
9000.0  8.052147239263804e-06  0.0  1.355421686746988e-05
9666.666666666666  9.202453987730056e-06  0.0  1.0843373493975893e-05
10333.333333333332  8.052147239263804e-06  0.0  9.939759036144577e-06
11000.0  6.901840490797546e-06  0.0  1.355421686746988e-05
11666.666666666666  5.751533742331281e-06  3.712871287128716e-06  1.2650602409638544e-05
12333.333333333332  2.300613496932511e-06  7.425742574257432e-06  5.421686746987947e-06
13000.0  0.0  1.1138613861386128e-05  2.7108433734939736e-06
13666.666666666666  1.1503067484662588e-06  1.4851485148514824e-05  3.6144578313252944e-06
14333.333333333332  4.601226993865035e-06  7.425742574257412e-06  2.7108433734939736e-06
15000.0  6.901840490797549e-06  0.0  1.8072289156626523e-06
15666.666666666666  4.601226993865028e-06  0.0  1.8072289156626548e-06
16333.333333333332  2.300613496932511e-06  0.0  2.7108433734939808e-06
17000.0  3.450920245398767e-06  0.0  3.6144578313252995e-06
17666.666666666664  3.450920245398767e-06  0.0  2.710843373493971e-06
18333.333333333332  1.1503067484662556e-06  0.0  1.8072289156626472e-06
19000.0  0.0  0.0  1.8072289156626472e-06
19666.666666666664  0.0  0.0  0.0
Gaussian_Chi-sq
1666.6666666666667  4.207317073170732e-05  5.593220338983051e-05  2.2388059701492535e-06
5000.0  9.30640243902439e-05  8.199152542372881e-05  3.6660447761194026e-05
8333.333333333334  5.876524390243902e-05  4.766949152542373e-05  4.9813432835820895e-05
11666.666666666668  2.1265243902439024e-05  1.5889830508474576e-05  4.5055970149253726e-05
15000.0  1.303353658536585e-05  8.89830508474576e-06  3.3582089552238805e-05
18333.333333333336  7.774390243902438e-06  5.7203389830508454e-06  1.958955223880597e-05
21666.666666666668  5.259146341463414e-06  5.7203389830508454e-06  1.2033582089552235e-05
25000.0  5.0304878048780485e-06  6.3559322033898304e-06  9.514925373134328e-06
28333.333333333336  3.88719512195122e-06  5.720338983050849e-06  8.675373134328358e-06
31666.666666666668  2.2865853658536576e-06  3.8135593220338972e-06  9.514925373134325e-06
35000.0  1.6006097560975602e-06  4.449152542372884e-06  7.835820895522385e-06
38333.333333333336  1.1432926829268294e-06  8.262711864406785e-06  5.876865671641793e-06
41666.66666666667  9.146341463414632e-07  8.898305084745761e-06  4.757462686567163e-06
45000.0  9.146341463414632e-07  5.0847457627118604e-06  3.917910447761194e-06
48333.333333333336  1.6006097560975606e-06  1.9067796610169478e-06  4.47761194029851e-06
51666.66666666667  2.5152439024390226e-06  1.9067796610169478e-06  4.477611940298507e-06
55000.0  1.8292682926829254e-06  3.1779661016949156e-06  3.9179104477611935e-06
58333.333333333336  6.85975609756097e-07  3.1779661016949186e-06  4.197761194029852e-06
61666.66666666667  6.85975609756097e-07  1.9067796610169507e-06  4.19776119402985e-06
65000.0  9.146341463414632e-07  1.2711864406779651e-06  3.358208955223879e-06
68333.33333333334  1.1432926829268284e-06  1.2711864406779636e-06  2.238805970149254e-06
71666.66666666667  1.143292682926827e-06  1.9067796610169465e-06  1.6791044776119404e-06
75000.0  9.146341463414628e-07  1.9067796610169493e-06  1.958955223880599e-06
78333.33333333334  9.146341463414648e-07  6.35593220338984e-07  2.2388059701492547e-06
81666.66666666667  6.859756097560986e-07  0.0  2.5186567164179094e-06
85000.0  6.859756097560986e-07  0.0  2.2388059701492547e-06
88333.33333333334  9.146341463414637e-07  0.0  1.1194029850746274e-06
91666.66666666667  9.146341463414628e-07  0.0  5.597014925373118e-07
95000.0  6.859756097560976e-07  0.0  5.59701492537313e-07
98333.33333333334  0.0  0.0  1.1194029850746286e-06
Norris_t90
1.6666666666666667  0.12469879518072288  0.15483870967741936  0.175187969924812
5.0  0.053087349397590355  0.041129032258064524  0.04398496240601503
8.333333333333334  0.028915662650602407  0.007258064516129033  0.0015037593984962405
11.666666666666668  0.0259789156626506  0.012701612903225804  0.003195488721804511
15.0  0.016716867469879514  0.010282258064516128  0.0026315789473684206
18.333333333333336  0.007906626506024094  0.005443548387096772  0.0011278195488721799
21.666666666666668  0.008584337349397588  0.006653225806451609  0.002631578947368421
25.0  0.010617469879518074  0.009072580645161291  0.005639097744360904
28.333333333333336  0.008810240963855423  0.009072580645161293  0.007330827067669173
31.666666666666668  0.006777108433734937  0.007258064516129029  0.00733082706766917
35.0  0.004292168674698792  0.004838709677419352  0.004323308270676689
38.333333333333336  0.002936746987951805  0.004233870967741932  0.0030075187969924788
41.66666666666667  0.0038403614457831296  0.00544354838709677  0.0056390977443608985
45.0  0.003840361445783132  0.004838709677419353  0.006766917293233081
48.333333333333336  0.002710843373493978  0.0036290322580645185  0.005451127819548875
51.66666666666667  0.0018072289156626513  0.004233870967741935  0.0035714285714285726
55.0  0.0011295180722891557  0.004233870967741932  0.0020676691729323293
58.333333333333336  0.001129518072289156  0.0036290322580645137  0.002255639097744359
61.66666666666667  0.001355421686746987  0.004233870967741932  0.0048872180451127786
65.0  0.0009036144578313252  0.0030241935483870945  0.005827067669172929
68.33333333333334  0.0004518072289156633  0.0030241935483870893  0.004323308270676688
71.66666666666667  0.00022590361445783166  0.006048387096774181  0.004699248120300746
75.0  0.0  0.004838709677419352  0.0043233082706766925
78.33333333333334  0.00022590361445783068  0.002419354838709676  0.003571428571428568
81.66666666666667  0.00045180722891566136  0.004233870967741931  0.006203007518796984
85.0  0.000677710843373494  0.006048387096774197  0.0067669172932330835
88.33333333333334  0.0011295180722891572  0.004233870967741941  0.004887218045112781
91.66666666666667  0.0018072289156626513  0.0012096774193548405  0.004511278195488713
95.0  0.002033132530120484  0.0  0.00451127819548872
98.33333333333334  0.0  0.0  0.006766917293233092
Norris_Amplitude
3.3333333333333335  0.047368421052631574  0.04  0.10714285714285714
10.0  0.015789473684210527  0.01  0.03214285714285714
16.666666666666668  0.001973684210526316  0.0  0.010714285714285716
23.333333333333336  0.0  0.0  0.005357142857142858
30.0  0.007894736842105265  0.0  0.0
36.66666666666667  0.01578947368421053  0.0  0.0
43.333333333333336  0.007894736842105265  0.005000000000000002  0.0
50.0  0.0  0.012500000000000004  0.0
56.66666666666667  0.001973684210526314  0.0125  0.005357142857142853
63.333333333333336  0.005921052631578942  0.007499999999999996  0.010714285714285706
70.0  0.005921052631578942  0.005000000000000001  0.005357142857142853
76.66666666666667  0.001973684210526314  0.005000000000000007  0.0
83.33333333333334  0.0  0.0025000000000000035  0.0
90.0  0.0  0.0025000000000000035  0.0
96.66666666666667  0.001973684210526314  0.010000000000000002  0.0
103.33333333333334  0.007894736842105256  0.012499999999999995  0.0
110.0  0.009868421052631571  0.004999999999999996  0.0
116.66666666666667  0.003947368421052628  0.002499999999999998  0.0
123.33333333333334  0.0  0.004999999999999996  0.0
130.0  0.0  0.002499999999999998  0.0
136.66666666666669  0.0  0.0  0.0
143.33333333333334  0.0  0.0  0.0
150.0  0.0019736842105263185  0.0025000000000000035  0.0
156.66666666666669  0.003947368421052637  0.0075  0.0
163.33333333333334  0.0019736842105263185  0.007499999999999989  0.0
170.0  0.0019736842105263185  0.002499999999999993  0.0
176.66666666666669  0.003947368421052637  0.0  0.0
183.33333333333334  0.0019736842105263185  0.0  0.0
190.0  0.0019736842105263185  0.0  0.0
196.66666666666669  0.007894736842105274  0.0  0.0
Norris_Chi-sq
666.6666666666666  7.352941176470589e-05  1.0869565217391305e-05  2.027027027027027e-05
2000.0  0.0001323529411764706  7.608695652173912e-05  1.5202702702702702e-05
3333.333333333333  0.00013327205882352942  0.00015217391304347825  4.054054054054054e-05
4666.666666666666  9.834558823529413e-05  0.00013858695652173915  7.347972972972973e-05
6000.0  6.61764705882353e-05  6.250000000000001e-05  8.614864864864866e-05
7333.333333333333  4.227941176470588e-05  2.717391304347827e-05  7.347972972972973e-05
8666.666666666666  2.2977941176470588e-05  2.4456521739130453e-05  4.8141891891891896e-05
10000.0  1.3786764705882352e-05  1.358695652173914e-05  3.293918918918919e-05
11333.333333333332  1.746323529411765e-05  1.6304347826086962e-05  2.7871621621621613e-05
12666.666666666666  2.389705882352942e-05  2.9891304347826105e-05  2.280405405405406e-05
14000.0  2.022058823529412e-05  2.1739130434782614e-05  1.7736486486486486e-05
15333.333333333332  1.2867647058823528e-05  5.43478260869565e-06  1.5202702702702704e-05
16666.666666666664  1.1948529411764713e-05  5.434782608695657e-06  1.5202702702702715e-05
18000.0  1.0110294117647065e-05  1.3586956521739134e-05  1.2668918918918923e-05
19333.333333333332  8.272058823529413e-06  1.358695652173913e-05  7.601351351351344e-06
20666.666666666664  9.191176470588241e-06  1.0869565217391307e-05  2.533783783783779e-06
22000.0  7.352941176470589e-06  1.0869565217391305e-05  7.601351351351337e-06
23333.333333333332  4.595588235294112e-06  8.15217391304347e-06  2.027027027027025e-05
24666.666666666664  2.757352941176468e-06  5.43478260869565e-06  2.2804054054054053e-05
26000.0  1.8382352941176486e-06  5.434782608695657e-06  2.0270270270270276e-05
27333.333333333332  1.8382352941176486e-06  5.434782608695657e-06  2.2804054054054046e-05
28666.666666666664  1.8382352941176486e-06  5.434782608695657e-06  2.280405405405406e-05
30000.0  9.191176470588243e-07  1.0869565217391293e-05  1.773648648648649e-05
31333.333333333332  0.0  1.9021739130434764e-05  1.2668918918918901e-05
32666.666666666664  0.0  1.630434782608696e-05  1.7736486486486455e-05
34000.0  0.0  1.0869565217391298e-05  2.7871621621621573e-05
35333.33333333333  9.191176470588268e-07  8.152173913043464e-06  2.027027027027025e-05
36666.666666666664  2.7573529411764754e-06  2.717391304347821e-06  1.2668918918918922e-05
38000.0  3.676470588235292e-06  2.717391304347821e-06  1.2668918918918908e-05
39333.33333333333  3.6764705882352874e-06  1.0869565217391285e-05  0.0
Hardness_ratio
0.02  0.0  0.0  0.0
0.06  0.0  0.0  0.0
0.1  0.0  0.0  0.0
0.14  0.0  0.04032258064516128  0.0
0.18  0.0  0.08064516129032256  0.0
0.22  0.0  0.08064516129032254  0.0205254515599343
0.26  0.0  0.08064516129032251  0.05131362889983577
0.30000000000000004  0.0  0.08064516129032256  0.051313628899835796
0.33999999999999997  0.0  0.12096774193548387  0.04105090311986864
0.38  0.0  0.12096774193548382  0.041050903119868636
0.42000000000000004  0.0  0.040322580645161255  0.0821018062397373
0.45999999999999996  0.0  0.0  0.14367816091954025
0.5  0.0  0.0  0.19499178981937593
0.54  0.0  0.08064516129032273  0.32840722495894914
0.5800000000000001  0.0  0.2822580645161292  0.5541871921182269
0.62  0.0  0.443548387096774  0.7902298850574709
0.66  0.03315649867374011  0.48387096774193533  1.2212643678160924
0.7  0.5305039787798406  1.290322580645161  1.8986042692939256
0.74  2.1717506631299717  3.50806451612903  2.7401477832512304
0.78  4.244031830238727  5.362903225806451  4.043513957307061
0.8200000000000001  5.122679045092841  5.080645161290326  4.905582922824306
0.86  4.741379310344827  3.669354838709678  4.115353037766831
0.9  3.680371352785144  2.3790322580645147  2.3501642036124775
0.94  2.2712201591511945  1.2096774193548387  0.9236453201970442
0.98  1.1936339522546422  0.44354838709677435  0.33866995073891626
1.02  0.6133952254641905  0.12096774193548375  0.1436781609195401
1.06  0.2818302387267902  0.0  0.0205254515599343
1.1  0.09946949602122007  0.0  0.0
1.1400000000000001  0.01657824933687001  0.0  0.0
1.18  0.0  0.0  0.0
GOES
1.25  0.18047138047138048  0.01818181818181818  0.12248394004282656
3.75  0.10404040404040404  0.03272727272727273  0.08565310492505354
6.25  0.05185185185185186  0.03909090909090909  0.06338329764453962
8.75  0.03232323232323232  0.04181818181818181  0.047537473233404716
11.25  0.022558922558922556  0.03636363636363636  0.026980728051391865
13.75  0.01111111111111111  0.027272727272727275  0.014989293361884367
16.25  0.003703703703703704  0.02  0.012205567451820129
18.75  0.0016835016835016836  0.015454545454545453  0.00835117773019272
21.25  0.0033670033670033673  0.01818181818181818  0.004282655246252677
23.75  0.003703703703703704  0.02  0.0021413276231263384
26.25  0.0013468013468013469  0.013636363636363637  0.0017130620985010708
28.75  0.0  0.008181818181818182  0.0012847965738758032
31.25  0.0  0.007272727272727273  0.0017130620985010706
33.75  0.0  0.010909090909090908  0.0032119914346895075
36.25  0.0  0.014545454545454545  0.0027837259100642396
38.75  0.0  0.009999999999999998  0.0012847965738758032
41.25  0.0003367003367003367  0.0036363636363636364  0.0006423982869379016
43.75  0.00101010101010101  0.0036363636363636364  0.0004282655246252677
46.25  0.00101010101010101  0.005454545454545454  0.0004282655246252677
48.75  0.0003367003367003367  0.008181818181818182  0.0004282655246252677
51.25  0.0003367003367003367  0.01  0.0012847965738758032
53.75  0.0006734006734006734  0.00909090909090909  0.00278372591006424
56.25  0.0003367003367003367  0.00909090909090909  0.0025695931477516063
58.75  0.0  0.004545454545454545  0.0010706638115631692
61.25  0.0  0.0  0.0004282655246252677
63.75  0.0  0.0  0.00021413276231263385
66.25  0.0  0.0  0.0
68.75  0.0  0.0  0.0
71.25  0.0  0.0018181818181818182  0.0
73.75  0.0  0.007272727272727273  0.0
GOES_variance
12.5  0.0010144927536231885  0.0  0.0011793611793611794
37.5  0.010289855072463768  0.00046511627906976747  0.005577395577395577
62.5  0.008514492753623188  0.00046511627906976747  0.005307125307125307
87.5  0.004239130434782608  0.0009302325581395349  0.0044471744471744476
112.5  0.002717391304347826  0.0011627906976744186  0.0039066339066339065
137.5  0.0018840579710144927  0.0011627906976744186  0.002702702702702703
162.5  0.0013768115942028986  0.0018604651162790699  0.0021375921375921376
187.5  0.0010144927536231882  0.0020930232558139536  0.0019410319410319411
212.5  0.0006884057971014492  0.0016279069767441861  0.0015233415233415232
237.5  0.0005434782608695651  0.0011627906976744186  0.0012776412776412775
262.5  0.00039855072463768114  0.0018604651162790697  0.0012285012285012285
287.5  0.0003623188405797101  0.0030232558139534882  0.0009582309582309583
312.5  0.00043478260869565214  0.002558139534883721  0.0007371007371007371
337.5  0.0003260869565217391  0.0013953488372093023  0.0007125307125307126
362.5  0.00018115942028985507  0.0009302325581395349  0.0006388206388206389
387.5  0.00021739130434782607  0.0016279069767441861  0.0006142506142506142
412.5  0.0003260869565217391  0.0020930232558139536  0.0006142506142506143
437.5  0.0003260869565217391  0.0016279069767441861  0.0004176904176904177
462.5  0.0002173913043478261  0.0011627906976744186  0.0002457002457002457
487.5  0.00010869565217391303  0.0013953488372093023  0.00029484029484029485
512.5  3.6231884057971014e-05  0.0020930232558139536  0.0003931203931203931
537.5  0.0  0.0016279069767441861  0.0003931203931203931
562.5  3.6231884057971014e-05  0.0006976744186046512  0.0002457002457002457
587.5  0.00010869565217391303  0.0011627906976744186  0.00012285012285012285
612.5  0.00014492753623188405  0.0018604651162790699  9.828009828009828e-05
637.5  0.00010869565217391303  0.0011627906976744186  0.00012285012285012285
662.5  3.6231884057971014e-05  0.00046511627906976747  9.828009828009828e-05
687.5  7.246376811594203e-05  0.00046511627906976747  7.371007371007371e-05
712.5  0.00018115942028985507  0.0006976744186046512  9.828009828009828e-05
737.5  0.00014492753623188405  0.0009302325581395349  0.0
